# balloon
# Mon Jul 15 09:20:43 EST 2013
TURN: 0.4
POLAR: 0.01 0.0 , 0.01 0.0 , 
OBJ3D: 
37
f f "ffffff" 0.035 0.035 0.11, 0.0 0.05 0.11, 0.0 0.25 0.35, 0.177 0.177 0.35, 
f f "ffffff" 0.177 0.177 0.35, 0.0 0.25 0.35, 0.0 0.375 0.6, 0.265 0.265 0.6, 
f f "ffffff" 0.265 0.265 0.6, 0.0 0.375 0.6, 0.0 0.25 0.85, 0.177 0.177 0.85, 
f f "ffffff" 0.177 0.177 0.85, 0.0 0.25 0.85, 0.0 0.0 0.9, 0.0 0.0 0.9, 
f f "808080" 0.05 0.0 0.11, 0.035 0.035 0.11, 0.177 0.177 0.35, 0.25 0.0 0.35, 
f f "808080" 0.25 0.0 0.35, 0.177 0.177 0.35, 0.265 0.265 0.6, 0.375 0.0 0.6, 
f f "808080" 0.375 0.0 0.6, 0.265 0.265 0.6, 0.177 0.177 0.85, 0.25 0.0 0.85, 
f f "808080" 0.25 0.0 0.85, 0.177 0.177 0.85, 0.0 0.0 0.9, 0.0 0.0 0.9, 
f f "ffffff" 0.035 -0.035 0.11, 0.05 0.0 0.11, 0.25 0.0 0.35, 0.177 -0.177 0.35, 
f f "ffffff" 0.177 -0.177 0.35, 0.25 0.0 0.35, 0.375 0.0 0.6, 0.265 -0.265 0.6, 
f f "ffffff" 0.265 -0.265 0.6, 0.375 0.0 0.6, 0.25 0.0 0.85, 0.177 -0.177 0.85, 
f f "ffffff" 0.177 -0.177 0.85, 0.25 0.0 0.85, 0.0 0.0 0.9, 0.0 0.0 0.9, 
f f "808080" 0.0 -0.05 0.11, 0.035 -0.035 0.11, 0.177 -0.177 0.35, 0.0 -0.25 0.35, 
f f "808080" 0.0 -0.25 0.35, 0.177 -0.177 0.35, 0.265 -0.265 0.6, 0.0 -0.375 0.6, 
f f "808080" 0.0 -0.375 0.6, 0.265 -0.265 0.6, 0.177 -0.177 0.85, 0.0 -0.25 0.85, 
f f "808080" 0.0 -0.25 0.85, 0.177 -0.177 0.85, 0.0 0.0 0.9, 0.0 0.0 0.9, 
f f "ffffff" -0.035 -0.035 0.11, 0.0 -0.05 0.11, 0.0 -0.25 0.35, -0.177 -0.177 0.35, 
f f "ffffff" -0.177 -0.177 0.35, 0.0 -0.25 0.35, 0.0 -0.375 0.6, -0.265 -0.265 0.6, 
f f "ffffff" -0.265 -0.265 0.6, 0.0 -0.375 0.6, 0.0 -0.25 0.85, -0.177 -0.177 0.85, 
f f "ffffff" -0.177 -0.177 0.85, 0.0 -0.25 0.85, 0.0 0.0 0.9, 0.0 0.0 0.9, 
f f "808080" -0.05 0.0 0.11, -0.035 -0.035 0.11, -0.177 -0.177 0.35, -0.25 0.0 0.35, 
f f "808080" -0.25 0.0 0.35, -0.177 -0.177 0.35, -0.265 -0.265 0.6, -0.375 0.0 0.6, 
f f "808080" -0.375 0.0 0.6, -0.265 -0.265 0.6, -0.177 -0.177 0.85, -0.25 0.0 0.85, 
f f "808080" -0.25 0.0 0.85, -0.177 -0.177 0.85, 0.0 0.0 0.9, 0.0 0.0 0.9, 
f f "ffffff" -0.035 0.035 0.11, -0.05 0.0 0.11, -0.25 0.0 0.35, -0.177 0.177 0.35, 
f f "ffffff" -0.177 0.177 0.35, -0.25 0.0 0.35, -0.375 0.0 0.6, -0.265 0.265 0.6, 
f f "ffffff" -0.265 0.265 0.6, -0.375 0.0 0.6, -0.25 0.0 0.85, -0.177 0.177 0.85, 
f f "ffffff" -0.177 0.177 0.85, -0.25 0.0 0.85, 0.0 0.0 0.9, 0.0 0.0 0.9, 
f f "808080" 0.0 0.05 0.11, -0.035 0.035 0.11, -0.177 0.177 0.35, 0.0 0.25 0.35, 
f f "808080" 0.0 0.25 0.35, -0.177 0.177 0.35, -0.265 0.265 0.6, 0.0 0.375 0.6, 
f f "808080" 0.0 0.375 0.6, -0.265 0.265 0.6, -0.177 0.177 0.85, 0.0 0.25 0.85, 
f f "808080" 0.0 0.25 0.85, -0.177 0.177 0.85, 0.0 0.0 0.9, 0.0 0.0 0.9, 
f f "ffff00" 0.008 0.0 0.05, 0.008 0.015 0.0, -0.008 0.015 0.0, -0.008 0.0 0.05, 
f f "ffff00" -0.008 0.0 0.0, -0.008 0.015 0.0, 0.008 0.015 0.0, 0.008 0.0 0.0, 
f f "ffff00" 0.008 0.0 0.0, 0.008 0.0 0.05, -0.008 0.0 0.05, -0.008 0.0 0.0, 
f f "ffff00" -0.008 0.0 0.05, -0.008 0.015 0.0, -0.008 0.0 0.0, 
f f "ffff00" 0.008 0.0 0.05, 0.008 0.0 0.0, 0.008 0.015 0.0, 
