# hangglider
# Thu Jul 11 12:43:36 EST 2013
TURN: 0.3
POLAR: 0.5 -0.062 , 0.75 -0.15 , 
OBJ3D: 
7
t t "aaaaaa" 0.0 0.015 0.024, 0.15 -0.045 0.047, 0.15 -0.075 0.038, 0.0 -0.015 0.015, 
t t "aaaaaa" 0.0 0.015 0.024, 0.0 -0.015 0.015, -0.15 -0.075 0.038, -0.15 -0.045 0.047, 
f f "ffff00" 0.008 -0.05 0.015, 0.008 0.0 0.015, -0.008 0.0 0.015, -0.008 -0.05 0.015, 
f f "ffff00" -0.008 0.0 0.0, -0.008 0.0 0.015, 0.008 0.0 0.015, 0.008 0.0 0.0, 
f f "ffff00" 0.008 0.0 0.0, 0.008 -0.05 0.015, -0.008 -0.05 0.015, -0.008 0.0 0.0, 
f f "ffff00" -0.008 -0.05 0.015, -0.008 0.0 0.015, -0.008 0.0 0.0, 
f f "ffff00" 0.008 -0.05 0.015, 0.008 0.0 0.0, 0.008 0.0 0.015, 
