# paraglider
# Thu Jul 11 12:42:25 EST 2013
TURN: 0.2
POLAR: 0.4 -0.057 , 0.6 -0.15 , 
OBJ3D: 
11
f t "aaaaaa" 0.0 0.03 0.15, 0.025 0.03 0.15, 0.025 0.0 0.14, 0.0 0.0 0.14, 
f t "aaaaaa" 0.025 0.03 0.15, 0.08 0.024 0.14, 0.08 0.003 0.13, 0.025 0.0 0.14, 
f t "aaaaaa" 0.08 0.024 0.14, 0.1 0.02 0.12, 0.1 0.009 0.11, 0.08 0.003 0.13, 
f t "aaaaaa" 0.0 0.03 0.15, -0.025 0.03 0.15, -0.025 0.0 0.14, 0.0 0.0 0.14, 
f t "aaaaaa" -0.025 0.03 0.15, -0.08 0.024 0.14, -0.08 0.003 0.13, -0.025 0.0 0.14, 
f t "aaaaaa" -0.08 0.024 0.14, -0.1 0.02 0.12, -0.1 0.009 0.11, -0.08 0.003 0.13, 
f f "ffff00" 0.008 0.0 0.025, 0.008 0.035 0.0, -0.008 0.035 0.0, -0.008 0.0 0.025, 
f f "ffff00" -0.008 0.01 0.0, -0.008 0.035 0.0, 0.008 0.035 0.0, 0.008 0.01 0.0, 
f f "ffff00" 0.008 0.01 0.0, 0.008 0.0 0.025, -0.008 0.0 0.025, -0.008 0.01 0.0, 
f f "ffff00" -0.008 0.0 0.025, -0.008 0.035 0.0, -0.008 0.01 0.0, 
f f "ffff00" 0.008 0.0 0.025, 0.008 0.01 0.0, 0.008 0.035 0.0, 
