# sailplane
# Thu Jul 11 12:43:22 EST 2013
TURN: 0.4
POLAR: 0.8 -0.067 , 1.2 -0.15 , 
OBJ3D: 
11
f t "aaaaaa" 0.0 0.0 0.015, 0.12 0.0 0.027, 0.12 -0.022 0.023, 0.0 -0.024 0.011, 
f t "aaaaaa" 0.12 0.0 0.027, 0.24 0.0 0.062, 0.24 -0.019 0.059, 0.12 -0.022 0.023, 
f t "aaaaaa" -0.12 0.0 0.027, 0.0 0.0 0.015, 0.0 -0.024 0.011, -0.12 -0.022 0.023, 
f t "aaaaaa" -0.24 0.0 0.062, -0.12 0.0 0.027, -0.12 -0.022 0.023, -0.24 -0.019 0.059, 
f t "aaaaaa" -0.036 -0.071 0.047, 0.036 -0.071 0.047, 0.036 -0.083 0.047, -0.036 -0.083 0.047, 
f t "aaaaaa" 0.0 -0.06 0.011, 0.0 -0.071 0.047, 0.0 -0.083 0.047, 0.0 -0.072 0.011, 
f f "ffff00" 0.008 0.0 0.015, 0.008 0.05 0.0, -0.008 0.05 0.0, -0.008 0.0 0.015, 
f f "ffff00" -0.008 0.0 0.0, -0.008 0.05 0.0, 0.008 0.05 0.0, 0.008 0.0 0.0, 
f f "ffff00" 0.008 0.0 0.0, 0.008 0.0 0.015, -0.008 0.0 0.015, -0.008 0.0 0.0, 
f f "ffff00" -0.008 0.0 0.015, -0.008 0.05 0.0, -0.008 0.0 0.0, 
f f "ffff00" 0.008 0.0 0.015, 0.008 0.0 0.0, 0.008 0.05 0.0, 
